81
94
112
26
184
78
82
149
40
146
82
57
160
20
111
139
165
139
49
21
1
26
59
115
148
23
19
123
76
119
181
20
145
112
92
192
100
167
34
68
9
163
35
199
34
121
189
113
15
81
75
95
155
16
58
100
128
184
187
82
117
38
99
81
47
66
183
111
22
116
164
1
194
61
61
80
30
116
134
168
59
154
177
125
151
120
191
199
40
7
98
167
92
16
8
114
179
101
122
6
135
199
182
43
34
82
194
188
105
190
18
173
104
192
83
87
14
192
17
83
186
108
126
107
46
101
180
119
131
39
93
110
134
119
1
147
97
81
120
186
197
192
152
27
86
41
73
103
111
153
135
152
64
118
104
166
173
108
63
119
121
186
136
62
59
12
36
88
176
66
80
43
153
72
81
80
38
167
179
130
154
156
178
127
169
151
48
151
8
23
136
131
61
197
178
175
30
46
9
3
