186
846
558
662
138
736
80
652
752
266
26
242
466
662
788
202
82
760
92
582
684
8
492
928
854
856
438
946
872
418
480
526
568
470
932
246
730
192
88
732
742
374
286
26
700
324
494
384
326
226
426
608
804
38
664
60
378
390
62
584
658
614
420
512
378
262
444
566
240
606
200
556
264
918
238
600
350
636
162
916
760
996
58
508
78
988
792
628
464
44
818
608
904
830
318
628
188
424
40
540
60
610
662
190
74
646
634
124
226
684
396
862
506
166
976
148
274
416
88
58
522
488
750
176
790
494
608
806
518
914
820
826
988
410
874
478
606
452
766
548
718
336
362
962
186
48
830
38
316
256
80
314
888
216
608
618
768
774
964
82
234
816
462
32
96
152
964
526
184
422
574
558
508
812
998
630
26
220
92
740
966
36
860
442
196
824
856
554
720
12
544
868
914
62
188
958
490
986
350
380
816
634
646
226
316
600
278
222
594
454
642
716
336
916
582
870
402
446
792
996
882
622
276
380
364
402
920
810
680
788
756
368
62
562
164
846
354
312
202
636
304
426
808
284
558
614
88
302
638
190
394
254
986
212
940
66
746
754
18
472
366
958
982
472
92
334
234
976
234
744
618
902
278
420
16
702
354
654
230
586
414
582
60
202
254
276
196
260
820
516
32
570
918
860
66
514
934
626
702
134
616
164
906
744
94
8
556
542
170
502
760
22
956
450
910
146
658
84
426
592
146
696
54
940
134
646
328
12
824
628
768
742
222
380
966
130
374
168
62
976
190
786
664
698
912
352
588
274
910
18
204
226
446
174
158
484
744
286
114
100
6
114
84
628
824
398
540
530
116
82
342
454
360
106
448
344
956
680
442
304
548
324
180
228
664
656
872
328
334
974
716
950
878
114
636
12
78
44
702
124
252
636
298
740
142
366
280
780
548
250
532
18
816
798
808
142
718
978
920
958
494
88
864
952
350
938
730
622
442
90
16
802
258
958
606
50
88
484
288
476
50
856
244
744
650
948
702
126
784
522
868
420
922
954
688
382
66
870
116
888
846
470
774
678
36
264
638
580
354
4
658
546
206
148
934
480
96
936
116
194
940
892
258
400
522
724
296
620
462
82
844
928
808
642
646
118
558
548
280
980
